0 1 1 0 1 1 1 1 1 1 1 1 0 0 1 1 0 0 0 0 1 1 1 1 0 1 1 1 1 0,111
1 1 0 0 0 1 1 1 1 1 0 0 0 1 1 0 1 1 1 0 1 1 1 0 1 1 1 1 1 0,114
1 1 0 1 0 0 1 0 0 0 1 1 0 1 1 0 1 1 1 1 0 1 0 0 0 1 1 1 1 0,100
0 0 1 1 0 0 1 1 0 1 0 1 0 0 1 1 1 1 0 1 0 1 1 1 0 1 1 1 1 0,100
0 1 0 0 0 0 0 1 1 0 0 1 1 1 0 1 1 0 1 1 1 1 0 0 0 0 1 0 1 0,106
0 1 0 1 1 1 0 1 0 1 1 1 1 0 1 1 1 0 1 1 1 1 1 1 1 1 1 0 1 1,120
1 0 1 0 1 1 1 0 1 1 0 0 1 1 1 1 1 0 1 1 1 1 0 1 1 0 1 1 1 0,115
1 1 0 1 0 1 0 0 1 1 1 1 1 0 0 1 1 1 1 1 1 0 0 0 1 0 0 1 1 1,103
1 0 1 1 1 0 0 1 0 1 1 1 0 0 1 0 1 1 1 0 0 0 1 1 1 1 1 1 0 0,115
1 1 0 1 0 1 0 0 1 0 1 0 1 1 1 1 0 1 1 0 1 1 0 0 1 1 1 0 1 0,100
