1 0 1 0 1 1 0 0 0 0 1 1 1 1 0 1 1 1 0 0 1 1 1 0 1 0 0 0 1 1,11
0 0 0 1 0 0 1 0 1 0 0 1 0 0 1 1 0 1 0 1 1 1 0 1 0 0 0 0 0 0,25
0 1 1 0 0 0 0 1 0 0 0 1 0 1 1 1 1 0 1 1 0 0 0 0 1 1 0 0 0 1,27
0 0 1 0 1 0 1 0 0 1 0 1 0 0 1 1 0 1 1 0 1 1 1 1 1 1 0 1 1 0,29
0 0 0 0 1 1 0 0 0 1 1 1 1 0 1 0 1 1 0 1 0 1 0 0 0 1 0 0 0 1,17
1 0 0 1 1 0 0 0 0 1 0 0 0 0 1 1 1 1 1 1 0 0 0 0 0 1 0 0 0 1,23
0 1 1 0 0 1 0 1 1 0 1 0 1 0 0 1 1 0 1 1 0 0 0 1 1 0 0 0 1 1,26
1 1 1 0 0 0 1 0 1 1 1 1 0 0 1 1 0 0 0 1 1 0 0 0 1 1 1 1 1 0,10
1 1 0 0 0 1 0 0 0 0 0 0 0 0 0 0 0 0 0 0 0 0 0 0 1 1 0 1 0 0,18
0 0 1 0 0 1 0 1 0 0 1 1 1 1 0 1 0 1 1 1 0 0 0 0 0 1 0 1 0 1,24
0 0 0 0 0 0 1 0 0 1 0 0 0 0 0 1 1 1 1 1 1 0 0 1 1 0 0 0 0 1,26
0 0 0 0 1 0 0 1 0 0 1 0 1 0 1 1 0 0 0 1 0 1 0 0 0 0 1 1 1 0,28
0 0 0 0 1 0 0 0 0 0 0 0 0 1 0 1 0 0 1 0 1 1 0 0 0 0 1 1 0 1,24
1 0 0 0 0 1 0 0 0 0 0 1 0 0 0 0 1 0 1 0 0 1 1 0 0 0 0 0 0 0,26
1 0 0 0 0 1 1 1 1 1 0 1 0 1 0 0 1 1 1 0 0 0 1 0 0 0 0 1 0 1,16
0 0 1 0 1 0 0 0 0 1 1 1 0 0 0 1 0 1 0 1 1 0 1 1 1 0 0 0 0 0,16
0 0 0 1 0 1 1 0 0 0 0 0 0 1 0 0 1 1 1 0 0 0 1 1 1 0 1 1 0 1,13
0 0 0 0 1 0 1 1 1 0 1 1 0 0 0 0 0 0 0 0 1 1 0 1 1 1 1 0 0 0,11
0 0 1 1 0 0 0 0 0 0 0 0 0 0 0 0 1 1 1 0 1 0 1 1 0 0 0 0 1 1,10
1 0 0 1 0 1 1 0 0 0 1 0 1 0 0 1 0 0 0 0 0 1 0 0 1 0 0 1 0 0,10
