1 0 0 0 0 1 0 0 0 1 1 0 0 1 0 1 1 1 0 1,10
1 1 1 0 1 0 1 0 1 0 1 0 1 0 0 1 0 0 0 0,19
0 0 0 0 1 1 1 0 0 0 1 1 0 1 0 0 0 1 1 0,28
0 0 0 1 0 0 0 0 1 0 1 0 0 1 0 1 0 1 1 1,12
1 0 0 0 1 0 0 0 1 1 0 1 0 0 0 0 0 0 0 1,18
0 0 0 0 1 1 0 0 0 1 0 0 1 1 1 1 0 1 1 1,17
0 0 0 0 1 0 1 1 1 0 0 0 0 1 1 0 1 0 0 1,26
1 0 0 1 1 1 1 1 0 0 1 1 0 0 1 0 0 0 1 0,28
0 0 0 1 1 0 0 0 0 0 0 0 0 1 0 0 0 1 0 0,14
0 1 0 0 1 1 0 1 1 0 1 0 1 0 1 0 1 0 0 0,29
0 0 1 0 1 0 0 1 1 0 0 0 0 0 1 1 1 0 1 1,16
0 0 1 1 1 1 1 1 1 0 0 1 0 1 1 1 0 0 1 0,15
1 1 0 1 0 1 0 1 0 1 1 1 0 0 1 1 0 1 1 0,25
0 1 0 1 0 1 0 0 0 1 0 1 1 1 0 0 1 0 1 0,30
1 1 0 1 0 1 0 1 0 1 0 1 0 0 0 0 0 1 0 0,11
1 0 1 0 1 0 1 0 0 1 0 1 1 0 0 1 0 0 0 0,15
0 1 1 0 0 0 1 0 0 0 1 1 0 1 1 1 1 0 1 0,11
0 1 1 0 1 0 0 1 0 1 0 0 1 1 0 1 0 0 0 0,13
1 1 0 0 1 1 0 0 0 0 1 1 1 0 0 0 1 0 0 0,23
1 1 0 0 1 0 0 0 0 0 0 1 0 0 0 1 1 0 0 0,29
